-7111 1177 -7111 1177
1331 -7676 1331 -7676
-6545 5231 -4912 -1260
-5940 -483 -5940 -483
-3845 1022 3728 1022
-1512 531 -3468 -9534
-8448 -8711 -9843 -8711
-4674 4525 9330 4525
-3724 -1311 -6777 -1033
5944 8484 5944 2799
3295 -2225 8264 -2225
-1625 -9674 -9549 108
7740 -2753 7740 -2075
5870 -3481 5369 -3481
2868 -8389 2868 -538
3904 -9738 3904 -9738
-3709 180 -3709 180
-6352 -3444 -6352 6979
-5947 -2614 -1800 7066
2496 -2818 3758 -2818
-5754 -4212 -5754 -4212
8709 2323 5367 2323
3364 8293 3364 7502
-3006 5395 -5630 -2697
-7302 4240 -7302 4240
6616 725 6616 7158
5135 5947 5135 5947
9900 -9683 -4186 5372
7349 6019 7349 6019
81 9218 81 643
-682 1991 9197 7546
-7161 -1459 3057 -6147
6373 -3522 6373 -7851
7314 3165 -2180 1639
-4499 7366 -4344 7366
-9577 7592 -9577 -7101
5671 -8021 7792 -8021
-1323 116 -1323 116
-2691 9749 -2691 8872
-9962 -4741 6259 -4741